1 

That took 0 seconds for a 1x1 and the matrix is Solved: true

#########################################

1 2 
3 3 

That took 0 seconds for a 2x2 and the matrix is Solved: false

#########################################

1 2 3 
4 4 4 
4 4 4 

That took 0 seconds for a 3x3 and the matrix is Solved: false

#########################################

1 2 3 4 
3 4 1 2 
4 3 2 1 
2 1 4 3 

That took 0 seconds for a 4x4 and the matrix is Solved: true

#########################################

1 2 3 4 5 
4 5 2 3 1 
5 3 4 1 2 
3 1 5 2 4 
2 4 1 5 3 

That took 0 seconds for a 5x5 and the matrix is Solved: true

#########################################

1 2 3 4 5 6 
4 6 2 5 3 1 
3 4 5 2 7 0 
6 5 4 3 1 2 
2 1 6 6 7 7 
5 3 7 7 7 4 

That took 1 seconds for a 6x6 and the matrix is Solved: false

#########################################

1 2 3 4 5 6 7 
6 7 2 5 1 3 4 
4 6 5 3 2 7 1 
2 4 1 6 7 5 3 
7 5 4 1 3 2 6 
3 1 7 2 6 4 5 
5 3 6 7 4 1 2 

That took 0 seconds for a 7x7 and the matrix is Solved: true

#########################################

1 2 3 4 5 6 7 8 
7 8 4 3 6 2 5 1 
8 5 7 2 3 4 1 6 
5 1 8 6 2 7 4 3 
2 6 5 1 4 9 8 0 
4 3 6 8 1 5 2 7 
6 7 2 5 8 1 3 4 
3 4 1 8 7 8 6 2 

That took 1 seconds for a 8x8 and the matrix is Solved: false

#########################################

1 2 3 4 5 6 7 8 9 
7 9 8 5 4 3 6 2 1 
6 4 7 9 1 2 3 5 8 
8 5 9 6 3 4 2 1 7 
4 1 5 2 8 7 9 6 3 
3 8 4 7 2 5 1 9 6 
2 3 1 0 10 10 4 7 5 
9 6 2 8 7 1 5 3 4 
5 7 6 10 9 10 8 4 2 

That took 2 seconds for a 9x9 and the matrix is Solved: false

#########################################

1 2 3 4 5 6 7 8 9 10 
9 10 7 6 8 4 3 5 2 1 
6 8 9 5 4 10 2 7 1 3 
10 1 4 8 3 9 5 2 7 6 
2 5 1 10 7 3 9 6 8 4 
8 4 2 7 1 5 10 3 6 9 
3 7 10 9 2 8 6 1 4 5 
5 9 8 3 6 2 1 4 10 7 
7 6 5 2 10 1 4 9 3 8 
4 3 6 1 9 7 8 10 5 2 

That took 0 seconds for a 10x10 and the matrix is Solved: true

#########################################

1 2 3 4 5 6 7 8 9 10 11 
7 11 10 9 6 3 8 4 5 2 1 
8 7 9 2 4 1 11 10 3 5 6 
5 9 12 8 1 4 3 6 12 11 10 
2 4 6 10 7 5 1 11 8 9 3 
9 8 5 6 11 10 2 3 1 4 7 
11 3 12 5 9 0 6 12 12 1 8 
3 6 1 7 10 2 4 5 11 8 9 
6 1 8 3 2 11 10 9 4 7 5 
10 5 2 11 8 7 9 12 12 3 4 
4 10 12 1 3 12 5 7 12 6 2 

That took 2 seconds for a 11x11 and the matrix is Solved: false

#########################################

1 2 3 4 5 6 7 8 9 10 11 12 
8 12 9 3 7 11 5 10 2 1 4 6 
10 7 11 12 8 5 3 6 4 9 2 1 
13 5 13 10 11 12 13 13 7 6 9 8 
13 8 13 6 9 10 13 3 13 5 12 13 
7 1 5 2 6 8 11 9 3 12 10 4 
9 4 8 7 12 2 6 5 10 11 1 3 
13 3 13 11 1 9 13 7 13 13 5 10 
13 10 13 8 2 3 13 13 5 7 6 13 
13 9 10 1 3 7 13 13 13 4 0 13 
13 6 13 5 10 4 13 13 13 13 3 13 
5 11 7 9 4 1 10 12 6 3 8 2 

That took 3 seconds for a 12x12 and the matrix is Solved: false

#########################################

1 2 3 4 5 6 7 8 9 10 11 12 13 
9 13 12 2 11 5 1 10 7 8 6 4 3 
8 9 11 13 4 7 5 12 10 6 3 2 1 
12 3 6 10 8 13 11 5 1 2 9 7 4 
3 4 13 5 9 2 10 6 8 1 7 11 12 
6 11 10 12 3 8 4 1 2 7 13 9 5 
4 10 5 6 2 9 12 13 3 11 8 1 7 
13 8 4 3 1 11 2 7 12 9 5 6 10 
7 12 1 11 10 4 8 3 6 13 2 5 9 
11 7 8 9 12 1 3 2 4 5 10 13 6 
2 14 7 14 6 14 0 9 13 14 4 14 11 
10 6 2 7 13 12 9 11 5 4 1 3 8 
5 1 9 14 7 14 14 4 11 14 12 14 2 

That took 5 seconds for a 13x13 and the matrix is Solved: false

#########################################

1 2 3 4 5 6 7 8 9 10 11 12 13 14 
9 14 12 8 13 11 10 4 3 5 7 6 2 1 
7 6 13 14 3 1 12 10 2 9 8 11 5 4 
11 10 2 12 4 14 8 6 5 13 3 1 7 9 
15 12 15 15 11 15 15 15 15 8 15 15 4 15 
12 7 1 9 6 10 11 14 13 3 4 2 8 5 
6 13 8 3 14 4 9 12 1 7 2 5 11 10 
3 9 5 2 12 0 1 7 14 11 6 8 10 13 
15 15 15 15 7 9 15 15 8 2 15 15 1 15 
15 15 15 15 10 15 15 15 15 6 15 15 12 15 
10 3 11 7 2 13 14 1 12 4 5 9 6 8 
15 15 6 15 9 15 15 15 15 1 15 4 14 15 
15 5 15 15 1 15 15 15 15 14 15 15 3 15 
4 15 15 15 8 7 15 15 15 12 15 15 9 2 

That took 4 seconds for a 14x14 and the matrix is Solved: false

#########################################

1 2 3 4 5 6 7 8 9 10 11 12 13 14 15 
10 15 14 13 3 11 6 2 12 9 1 7 8 5 4 
8 6 13 5 2 15 11 4 14 12 10 9 3 1 7 
11 10 7 12 15 2 14 5 3 8 13 4 1 9 6 
7 12 4 2 11 13 8 6 5 14 9 3 15 10 1 
12 4 6 3 7 10 15 1 13 2 8 14 9 11 5 
3 13 5 6 14 8 9 10 1 4 7 15 2 12 11 
15 1 2 7 8 9 10 14 4 3 12 11 5 6 13 
4 11 9 1 12 5 13 3 8 15 2 6 10 7 14 
13 9 10 8 6 12 2 15 11 7 5 1 14 4 3 
2 3 1 15 10 14 4 9 7 5 6 13 11 8 12 
9 8 12 11 4 1 3 7 15 13 14 5 6 2 10 
5 14 8 10 13 7 12 11 6 1 3 2 4 15 9 
14 7 11 9 1 4 5 13 2 6 15 10 12 3 8 
6 5 15 14 9 3 1 12 10 11 4 8 7 13 2 

That took 0 seconds for a 15x15 and the matrix is Solved: true

#########################################

1 2 3 4 5 6 7 8 9 10 11 12 13 14 15 16 
10 16 14 5 15 13 12 11 7 3 2 9 8 1 4 6 
11 9 15 16 2 1 14 12 10 4 6 8 7 13 5 3 
8 12 2 14 16 15 1 13 11 5 9 10 3 7 6 4 
14 3 4 7 13 5 16 9 15 12 1 2 11 6 10 8 
9 7 11 2 6 12 4 16 3 1 15 5 14 10 8 13 
6 13 16 3 8 10 11 4 2 14 5 15 12 9 1 7 
13 4 8 11 14 9 3 10 12 6 16 1 2 15 7 5 
4 15 12 9 7 3 5 1 8 16 13 11 6 2 14 10 
7 14 6 17 17 8 10 3 17 9 12 16 15 5 17 11 
12 17 10 17 17 11 2 17 17 13 7 17 4 8 16 9 
16 17 5 17 9 7 15 14 17 17 3 6 10 11 17 12 
3 10 13 8 11 4 6 2 16 15 14 7 5 12 9 1 
2 17 7 17 17 16 8 17 17 0 10 17 9 4 17 15 
15 6 9 12 10 2 13 7 5 11 8 4 1 16 3 14 
5 8 1 10 12 14 9 15 6 17 4 13 16 3 11 2 

That took 6 seconds for a 16x16 and the matrix is Solved: false

#########################################

1 2 3 4 5 6 7 8 9 10 11 12 13 14 15 16 17 
11 17 16 15 3 14 6 9 2 13 12 4 10 1 8 5 7 
12 9 15 7 4 17 16 2 5 14 13 10 8 11 3 1 6 
13 6 5 14 12 3 10 17 7 1 16 9 15 4 2 11 8 
7 14 10 12 13 5 17 3 8 11 4 16 2 15 6 9 1 
9 5 2 10 17 12 1 16 15 6 3 11 4 13 7 8 14 
10 16 13 3 9 15 11 14 17 4 1 8 7 2 12 6 5 
8 13 9 16 1 4 5 10 6 12 2 3 14 7 11 17 15 
5 10 4 11 15 8 13 6 16 7 17 2 9 12 1 14 3 
14 11 17 6 8 2 12 15 1 9 7 5 16 3 13 10 4 
17 3 12 2 7 9 14 4 11 15 8 6 1 10 5 13 16 
16 8 11 1 2 13 4 12 10 3 6 7 5 17 14 15 9 
4 12 7 17 10 1 3 13 14 5 9 15 6 8 16 2 11 
3 18 18 9 18 10 8 11 4 2 18 18 12 5 17 7 13 
2 18 8 5 18 16 9 7 18 17 18 18 18 6 4 12 10 
15 7 18 13 18 11 2 1 12 8 18 18 17 16 9 3 0 
6 1 18 8 18 7 15 5 18 16 14 18 18 9 10 4 2 

That took 8 seconds for a 17x17 and the matrix is Solved: false

#########################################

1 2 3 4 5 6 7 8 9 10 11 12 13 14 15 16 17 18 
11 18 16 5 17 15 14 13 12 8 3 2 6 10 9 1 4 7 
12 10 17 18 4 2 16 14 13 11 5 7 1 9 8 15 6 3 
8 9 4 16 18 17 2 15 14 12 1 10 11 13 3 7 5 6 
14 8 10 7 15 4 6 3 18 17 16 1 12 2 13 9 11 5 
13 1 8 3 10 14 4 5 2 7 6 18 17 15 16 12 9 11 
10 11 2 12 14 5 13 7 8 1 9 16 18 3 17 6 15 4 
9 17 15 6 11 13 3 12 4 2 14 5 16 8 10 18 7 1 
6 16 12 14 8 9 5 2 11 13 15 17 4 7 1 3 18 10 
4 15 14 11 7 18 8 17 1 9 12 13 3 5 6 2 10 16 
18 7 5 13 2 12 15 11 3 6 10 9 8 1 4 14 16 17 
17 13 18 1 6 11 12 4 5 3 2 8 9 16 7 10 14 15 
2 12 11 15 16 10 18 1 6 4 8 3 7 17 14 5 13 9 
3 4 13 10 9 1 11 18 7 16 17 15 5 6 2 8 12 14 
7 3 9 8 13 16 1 6 10 15 4 11 14 18 5 17 2 12 
15 5 7 2 3 8 9 16 17 14 18 6 10 11 12 4 1 13 
16 6 1 17 12 7 10 9 15 5 13 14 2 4 18 11 3 8 
5 14 6 9 1 3 17 10 16 18 7 4 15 12 11 13 8 2 

That took 0 seconds for a 18x18 and the matrix is Solved: true

#########################################

1 2 3 4 5 6 7 8 9 10 11 12 13 14 15 16 17 18 19 
13 19 18 17 16 4 14 7 10 3 2 15 12 1 8 11 9 6 5 
12 10 17 6 2 19 18 15 13 4 16 8 14 9 11 1 5 7 3 
8 11 6 16 7 3 19 2 18 5 12 17 15 13 14 4 1 10 9 
16 13 4 9 15 12 2 10 19 7 18 5 11 17 3 8 14 1 6 
20 15 7 3 20 14 11 20 16 20 20 20 4 12 9 20 8 20 13 
20 20 15 12 20 10 13 20 8 20 20 20 2 18 16 20 11 20 17 
3 18 8 14 10 17 4 12 15 19 7 1 9 5 13 2 6 11 16 
20 20 13 2 20 8 5 20 11 20 14 20 6 4 7 20 19 20 12 
20 20 1 11 20 5 8 20 4 18 20 20 16 10 17 20 2 20 14 
20 20 11 8 20 1 12 20 17 20 10 20 18 3 4 20 7 20 15 
18 14 5 7 12 2 17 16 3 11 15 9 19 6 1 13 10 8 4 
20 20 12 18 20 11 15 20 2 20 20 20 8 19 5 20 16 20 7 
20 20 10 5 20 13 9 20 6 20 20 20 3 7 2 20 12 20 11 
20 20 14 15 11 9 16 20 1 20 20 20 10 2 6 20 3 20 8 
20 20 2 10 20 18 3 20 7 20 20 20 17 16 19 5 13 20 1 
20 17 9 1 20 16 0 20 5 20 20 20 7 15 18 20 4 20 10 
20 8 16 19 20 7 10 20 14 20 20 20 5 11 12 20 15 3 18 
7 20 19 13 20 15 6 20 12 20 20 20 1 8 10 20 18 20 2 

That took 8 seconds for a 19x19 and the matrix is Solved: false

#########################################

