1 2 3 4 5 6 7 8 9 10 11 12 13 14 15 16 17 18 19 20 
12 20 18 7 19 17 16 15 14 13 9 5 3 6 2 11 10 1 4 8 
13 11 19 20 8 2 18 16 15 14 12 4 7 1 5 10 9 17 6 3 
8 10 4 18 20 19 2 17 16 15 13 14 1 11 9 12 3 7 5 6 
15 4 10 9 17 3 5 1 20 19 18 16 14 13 6 2 12 8 11 7 
18 12 9 5 2 16 6 7 1 11 20 3 15 17 19 4 14 10 8 13 
10 14 13 3 11 1 15 19 5 9 2 6 12 18 8 7 4 20 16 17 
19 8 20 17 4 5 13 14 6 7 15 2 16 12 3 1 18 11 10 9 
7 1 16 2 14 12 3 5 13 6 8 15 11 10 17 18 20 19 9 4 
3 19 5 6 13 18 20 10 4 12 14 1 2 9 11 8 7 15 17 16 
4 5 14 16 12 13 19 2 17 1 10 20 8 3 18 9 15 6 7 11 
6 7 17 19 16 15 14 18 12 5 4 11 20 2 13 3 8 9 1 10 
11 18 12 15 10 4 17 13 3 8 6 19 9 7 1 20 16 14 2 5 
9 16 15 12 3 20 11 6 2 4 17 7 18 8 10 14 1 5 13 19 
2 21 1 11 18 10 12 9 8 3 5 17 4 19 7 21 6 16 20 14 
16 3 8 14 9 7 10 20 11 17 1 18 19 5 4 6 2 13 12 15 
20 17 2 8 1 14 9 11 10 16 7 13 6 4 12 19 5 3 15 18 
17 21 7 1 6 11 8 3 19 2 16 10 5 20 14 21 11 4 21 12 
14 6 11 10 7 9 4 12 18 20 19 8 17 15 16 5 13 2 3 1 
5 0 6 13 15 21 1 4 7 18 3 9 10 16 21 21 21 12 14 2 

That took 12 seconds for a 20x20 and the matrix is Solved: false

#########################################

1 2 3 4 5 6 7 8 9 10 11 12 13 14 15 16 17 18 19 20 21 
15 21 20 19 18 3 17 7 12 2 1 16 14 13 5 11 8 10 9 6 4 
10 9 19 6 3 21 20 18 14 13 4 17 16 15 2 12 11 1 5 8 7 
14 11 8 18 9 20 5 3 2 21 7 19 17 16 13 15 12 4 1 10 6 
16 15 7 9 17 8 6 4 21 14 13 2 1 20 19 18 3 12 11 5 10 
22 22 12 22 22 16 10 21 22 6 22 22 18 19 11 2 22 17 22 7 22 
13 22 2 22 22 19 15 9 22 7 22 22 8 11 14 17 22 20 18 21 22 
18 5 10 3 20 13 19 14 17 11 12 8 6 1 7 21 22 9 16 15 0 
11 19 16 7 14 5 2 20 13 1 17 18 15 6 9 10 21 3 12 4 8 
22 22 11 22 22 4 21 19 22 12 22 13 9 22 3 14 22 22 22 18 22 
19 13 15 12 7 2 8 6 16 4 20 21 3 18 10 5 14 11 17 1 9 
22 22 21 22 22 14 18 13 22 19 22 11 20 22 4 6 22 22 22 12 22 
22 7 6 22 22 11 14 12 18 16 22 9 10 8 20 4 22 22 22 17 22 
12 16 1 21 4 10 11 17 7 15 2 20 5 9 18 3 13 8 6 14 19 
22 22 4 22 22 9 16 5 22 17 22 22 21 22 8 13 22 22 22 11 22 
22 22 14 22 22 12 4 2 22 9 22 22 19 22 6 7 22 22 22 13 22 
5 12 17 14 11 1 3 16 20 18 9 15 7 4 21 8 6 19 10 2 13 
4 14 13 10 6 18 1 15 11 8 21 7 2 12 16 19 20 5 3 9 17 
22 22 9 22 22 17 13 11 22 5 22 22 12 22 1 20 22 22 4 19 22 
6 8 5 22 22 7 12 1 22 20 22 22 11 21 17 9 22 22 22 3 22 
7 17 18 11 21 15 9 10 8 3 14 6 4 5 12 1 19 13 20 16 2 

That took 9 seconds for a 21x21 and the matrix is Solved: false

#########################################

1 2 3 4 5 6 7 8 9 10 11 12 13 14 15 16 17 18 19 20 21 22 
13 22 20 9 21 19 18 17 16 15 14 10 6 5 3 7 2 12 11 1 4 8 
14 12 21 22 10 3 20 18 17 16 15 13 2 4 8 1 9 11 7 19 6 5 
15 11 5 20 22 4 2 21 19 18 17 16 14 12 1 10 8 13 3 9 7 6 
17 5 10 7 19 15 6 22 3 21 20 18 4 16 14 13 1 2 12 8 11 9 
7 16 9 10 4 18 8 3 22 2 19 1 20 15 13 17 21 5 14 6 12 11 
9 15 11 6 8 5 17 4 2 22 3 21 18 13 19 20 10 1 16 7 14 12 
6 8 2 19 13 9 15 16 5 12 22 7 11 3 18 14 20 4 1 21 10 17 
10 14 18 2 1 7 13 11 15 8 6 5 22 17 20 12 4 9 21 3 19 16 
4 10 17 3 2 12 19 6 8 14 5 20 16 7 11 9 15 21 13 22 1 18 
12 23 22 23 23 20 23 23 4 7 13 15 10 8 23 23 23 16 23 23 23 21 
8 20 15 23 23 17 23 23 10 6 1 11 9 18 23 23 23 19 22 23 23 7 
3 23 19 23 23 22 23 23 21 13 4 6 12 1 23 23 23 8 23 23 23 20 
21 23 13 23 23 1 23 23 14 3 2 4 8 10 23 23 23 7 23 23 23 15 
16 19 8 18 20 14 10 12 1 17 21 3 7 11 9 6 13 22 2 15 5 4 
18 3 14 13 6 16 11 9 20 19 7 17 21 22 12 8 5 15 4 10 2 1 
20 21 16 23 14 10 23 15 13 4 18 2 3 9 23 11 7 17 8 23 22 19 
2 23 4 23 9 8 23 23 7 5 16 14 1 19 23 23 23 6 23 23 23 13 
19 13 6 8 16 21 4 1 18 11 12 9 15 2 7 22 3 10 5 17 20 14 
11 23 7 23 23 13 23 23 12 9 10 8 5 6 23 23 23 20 23 4 23 3 
22 6 12 15 7 2 1 5 11 20 8 19 17 21 16 4 18 14 9 13 3 10 
5 23 0 23 23 11 23 23 6 1 9 22 19 20 23 23 23 3 23 23 23 2 

That took 12 seconds for a 22x22 and the matrix is Solved: false

#########################################

1 2 3 4 5 6 7 8 9 10 11 12 13 14 15 16 17 18 19 20 21 22 23 
15 23 22 21 20 19 4 17 3 13 2 1 18 12 16 14 6 8 11 10 9 7 5 
11 10 21 7 23 4 22 20 18 16 14 5 3 19 17 15 2 13 1 12 6 9 8 
16 12 8 20 7 5 6 2 23 1 22 9 21 18 19 17 14 15 13 4 3 11 10 
17 15 11 10 19 8 23 22 7 21 12 6 4 2 3 20 18 16 5 1 14 13 9 
22 17 7 9 6 18 21 11 2 19 16 15 5 4 8 23 20 3 14 13 10 1 12 
5 6 12 8 2 21 17 4 11 23 20 7 22 16 9 3 15 1 18 19 13 10 14 
24 24 24 24 24 24 24 16 10 15 6 24 23 9 24 2 24 24 24 22 24 24 24 
24 24 24 24 24 24 24 13 15 8 18 24 20 23 1 10 24 24 24 24 24 24 24 
24 24 24 24 24 24 24 3 22 14 5 24 8 17 24 4 24 24 24 24 24 24 24 
24 24 24 24 24 24 24 12 21 6 13 24 14 10 24 22 24 24 24 24 24 24 24 
24 24 24 24 24 24 24 9 16 5 8 22 7 13 24 19 24 24 24 24 24 24 24 
24 24 24 24 24 24 24 6 5 11 21 24 12 7 24 13 24 24 24 24 24 24 24 
24 24 24 24 24 24 24 5 6 20 7 24 15 11 24 1 24 24 24 24 24 24 24 
20 4 14 12 11 9 5 21 19 3 23 16 17 6 10 18 1 22 2 8 7 15 13 
24 24 24 24 24 24 24 18 4 22 3 24 11 8 24 9 24 24 24 24 24 24 24 
2 22 6 15 13 10 16 7 20 12 4 17 19 5 18 11 8 14 9 3 23 21 1 
24 24 24 24 24 13 24 14 17 4 1 24 10 22 24 21 24 7 24 24 24 24 24 
24 24 24 24 12 24 24 23 1 17 15 24 9 20 24 7 24 24 6 24 24 24 24 
24 24 24 11 24 24 24 10 13 18 19 24 6 15 24 8 24 24 24 5 24 24 24 
21 24 10 24 24 24 24 19 12 9 17 24 2 3 24 6 24 23 24 24 4 24 24 
24 9 24 24 24 24 24 15 8 2 10 24 1 21 24 5 24 24 24 24 24 3 24 
8 24 24 24 24 24 24 0 14 7 9 24 16 1 24 12 24 24 24 24 24 24 2 

That took 12 seconds for a 23x23 and the matrix is Solved: false

#########################################

1 2 3 4 5 6 7 8 9 10 11 12 13 14 15 16 17 18 19 20 21 22 23 24 
14 24 22 10 23 21 20 19 18 17 16 15 11 6 5 3 8 2 9 13 12 1 4 7 
15 13 23 24 11 9 22 20 19 18 17 16 14 5 3 8 2 6 1 12 10 21 7 4 
8 12 4 22 24 23 2 21 20 19 18 17 15 16 6 1 13 11 10 14 3 7 5 9 
17 8 11 9 21 5 4 3 24 23 22 20 19 18 16 15 1 7 14 2 13 10 12 6 
18 11 9 12 4 20 8 5 2 1 24 13 22 21 19 17 10 16 23 3 7 6 15 14 
20 18 15 7 6 4 19 9 5 3 1 24 10 23 17 12 21 22 2 16 11 8 14 13 
7 14 10 13 8 11 9 18 4 5 3 21 24 2 22 23 20 1 6 17 19 12 16 15 
11 23 14 5 7 3 6 2 17 9 10 18 20 4 8 19 15 24 13 22 1 16 21 12 
21 5 6 2 20 14 3 1 7 16 9 19 8 10 18 13 22 15 12 4 23 24 17 11 
24 9 16 21 2 7 12 13 6 8 15 10 18 17 4 11 14 5 22 1 20 3 19 23 
22 20 18 19 15 13 21 17 23 7 6 14 16 3 10 9 24 12 8 5 4 11 2 1 
13 21 20 3 18 17 10 16 22 4 7 1 12 24 23 14 6 9 15 19 8 2 11 5 
16 17 1 11 19 22 15 10 3 12 14 2 9 13 7 4 23 21 20 24 6 5 8 18 
2 22 17 18 1 16 23 7 21 15 5 8 6 12 11 20 4 10 24 9 14 19 13 3 
9 4 8 17 22 19 5 23 13 2 12 6 3 1 24 10 11 14 16 7 15 20 18 21 
19 7 2 6 3 8 13 12 11 24 4 5 1 22 14 18 9 17 21 23 16 15 10 20 
4 3 12 23 17 24 11 6 16 14 2 9 5 15 20 7 19 8 18 21 22 13 1 10 
3 1 5 16 14 10 25 25 15 6 21 25 25 20 2 22 25 13 7 8 25 25 9 19 
10 25 21 14 9 2 25 25 12 22 20 25 25 8 13 5 25 3 11 6 25 25 24 0 
6 16 24 8 12 18 17 14 10 13 19 3 2 11 1 21 7 23 4 15 5 9 20 22 
12 10 7 1 13 15 14 24 8 21 23 11 17 19 9 6 5 20 3 18 2 4 22 16 
23 6 13 15 10 1 25 25 14 20 8 25 25 9 12 2 25 19 5 11 25 18 3 17 
5 15 19 20 16 12 18 22 1 11 13 25 23 7 21 24 3 4 17 10 9 25 6 2 

That took 17 seconds for a 24x24 and the matrix is Solved: false

#########################################

1 2 3 4 5 6 7 8 9 10 11 12 13 14 15 16 17 18 19 20 21 22 23 24 25 
17 25 24 23 22 21 5 20 10 4 14 3 2 19 18 1 16 8 15 9 13 12 11 7 6 
12 11 23 7 25 3 24 22 21 18 16 15 5 20 19 17 9 2 10 14 1 13 6 8 4 
16 13 7 22 6 25 23 5 24 3 2 17 9 21 20 19 18 12 14 11 15 4 1 10 8 
18 15 11 10 21 8 6 4 2 9 25 24 7 1 23 22 20 19 17 16 5 3 14 13 12 
21 18 9 13 4 20 25 11 8 7 17 2 16 5 1 24 19 23 22 3 14 10 12 6 15 
22 8 16 3 10 15 19 14 5 25 23 11 17 24 13 9 6 4 2 21 12 1 18 20 7 
25 24 26 26 3 26 22 18 11 13 26 26 8 7 26 5 12 17 20 26 23 26 26 26 14 
20 3 26 26 7 26 15 25 17 24 26 26 21 18 22 4 1 10 12 23 11 26 26 26 13 
5 14 26 26 13 26 9 12 22 16 26 26 6 11 26 18 3 7 24 26 10 26 26 26 20 
14 7 8 12 18 2 21 23 25 11 15 5 10 9 16 3 22 24 13 6 4 17 20 1 19 
4 22 19 20 17 10 8 13 3 23 1 14 18 15 2 25 24 16 6 12 9 21 7 11 5 
19 21 26 25 2 26 13 6 4 8 26 26 24 23 26 20 14 3 9 18 17 26 26 22 16 
24 10 12 5 9 7 4 3 19 14 6 23 20 13 17 21 25 22 11 1 16 2 8 15 18 
7 23 17 9 8 16 11 2 15 20 22 4 19 3 12 6 21 1 18 5 24 25 13 14 10 
13 1 26 26 23 26 3 10 7 21 26 26 4 12 26 11 5 20 16 26 18 26 26 26 17 
23 17 26 26 1 26 12 21 20 6 26 26 14 8 26 15 10 25 5 26 3 26 26 26 9 
3 12 26 26 20 26 10 19 13 5 26 26 1 6 26 14 2 9 7 26 8 26 26 26 21 
11 20 25 26 19 26 14 1 16 22 26 26 15 4 26 2 13 5 8 26 7 23 26 26 3 
15 4 6 1 14 13 16 24 18 12 20 19 3 2 8 10 11 21 23 7 25 9 17 5 22 
10 5 26 26 12 24 2 17 23 19 26 26 25 16 26 13 15 11 4 26 6 26 26 26 1 
6 19 4 11 16 22 1 9 12 17 13 18 23 10 14 8 7 15 21 2 20 5 3 25 24 
9 6 10 26 24 26 20 15 1 2 26 26 12 17 26 23 8 13 3 25 22 26 4 26 11 
0 9 26 26 15 26 18 16 6 1 26 26 11 22 26 7 4 14 25 26 2 24 26 3 23 
8 16 26 26 11 26 17 7 14 15 26 26 22 25 26 12 23 6 1 26 19 20 26 26 2 

That took 14 seconds for a 25x25 and the matrix is Solved: false

#########################################

1 2 3 4 5 6 7 8 9 10 11 12 13 14 15 16 17 18 19 20 21 22 23 24 25 26 
15 26 24 11 25 23 22 21 20 19 18 17 16 12 6 5 3 9 2 10 8 14 13 1 4 7 
16 14 25 26 12 11 24 22 21 20 19 18 17 15 5 3 6 8 10 2 1 13 9 23 7 4 
8 13 4 24 26 25 2 23 22 21 20 19 18 16 17 6 1 14 12 11 10 15 3 7 5 9 
18 9 11 7 23 5 6 4 26 25 24 22 21 20 19 17 16 15 3 1 14 2 12 10 13 8 
19 17 10 6 7 22 8 5 3 2 26 1 24 23 21 20 18 16 15 14 25 4 11 9 12 13 
20 19 13 10 8 9 21 7 6 5 2 26 4 25 16 23 22 1 18 24 3 17 15 11 14 12 
6 10 15 14 11 8 9 20 2 4 1 3 26 18 25 21 7 24 22 5 12 23 19 13 17 16 
24 4 18 16 13 12 10 11 19 8 6 20 3 26 2 7 25 21 17 23 15 5 1 14 9 22 
23 12 9 3 2 1 4 26 10 18 8 14 11 7 13 24 20 6 21 17 5 19 16 15 22 25 
13 15 12 5 27 4 27 27 11 9 17 10 22 27 7 19 8 26 27 25 27 27 20 21 23 27 
14 22 5 21 27 19 27 27 24 7 12 16 10 27 18 27 26 4 23 27 27 27 17 25 11 27 
12 23 16 13 6 24 14 3 25 26 7 9 15 17 4 2 19 22 8 21 18 11 10 20 1 5 
9 16 14 22 10 21 17 19 8 24 5 6 1 13 26 25 23 3 20 4 11 12 7 2 18 15 
11 3 2 12 27 26 27 27 7 13 25 15 8 27 14 27 10 19 27 27 27 27 27 6 20 27 
21 24 6 20 18 14 26 1 5 23 16 4 7 10 3 12 15 13 25 19 17 9 8 22 2 11 
10 5 1 19 22 15 27 27 18 14 4 7 6 27 20 27 11 12 26 27 27 27 27 17 16 27 
3 7 20 18 27 17 27 27 13 6 21 2 9 27 1 15 12 10 27 22 27 26 27 16 8 27 
7 18 19 17 15 3 25 12 4 22 23 13 5 2 24 11 21 20 9 16 26 10 14 8 6 1 
17 20 22 9 19 13 11 16 23 15 14 21 25 4 12 10 5 2 1 8 6 7 24 3 26 18 
26 11 21 15 27 10 27 27 17 12 22 5 20 27 23 27 2 25 27 27 7 27 18 19 24 14 
22 21 8 2 9 16 27 27 14 17 10 25 23 3 11 1 24 7 4 27 13 6 26 5 19 20 
4 1 17 8 24 18 20 2 16 3 15 23 14 22 10 26 13 11 7 6 9 25 5 12 21 19 
25 8 7 1 27 0 27 27 15 11 13 24 2 27 22 18 9 23 27 27 27 27 21 4 10 27 
2 6 23 25 27 7 27 27 1 16 9 11 12 27 8 27 14 5 24 27 27 27 27 26 3 27 
5 25 26 23 21 20 16 10 12 1 3 8 19 11 9 14 4 17 13 7 22 24 6 18 15 2 

That took 16 seconds for a 26x26 and the matrix is Solved: false

#########################################

1 2 3 4 5 6 7 8 9 10 11 12 13 14 15 16 17 18 19 20 21 22 23 24 25 26 27 
18 27 26 25 24 23 22 6 20 9 5 15 4 3 21 19 2 17 16 1 10 14 13 12 11 8 7 
17 12 25 8 27 26 2 24 23 21 10 18 16 6 1 22 19 20 5 11 15 3 14 13 7 9 4 
8 14 9 24 7 4 27 3 26 25 22 20 18 5 23 2 21 19 15 17 13 16 1 6 12 11 10 
20 16 12 11 23 10 26 27 4 24 3 2 22 9 8 7 25 21 6 19 18 17 5 1 15 14 13 
19 18 13 6 10 22 9 26 5 3 16 27 2 17 25 8 7 24 23 21 20 4 15 14 1 12 11 
23 20 4 15 14 12 21 9 10 1 8 26 27 11 7 25 6 5 24 22 3 2 19 18 17 13 16 
5 3 16 7 12 13 10 20 14 8 27 1 6 22 26 24 23 4 21 18 2 25 17 11 9 19 15 
13 9 23 18 15 21 6 12 19 27 26 7 5 25 24 3 1 10 2 8 4 11 16 22 20 17 14 
6 19 14 16 26 11 13 10 17 18 25 8 12 7 3 27 9 1 22 2 23 20 24 4 5 15 21 
28 28 24 13 28 28 28 28 28 28 17 10 26 28 19 5 20 28 28 7 9 15 28 28 8 28 22 
28 28 28 10 28 28 28 28 28 28 9 16 19 28 20 17 24 28 28 6 27 8 28 28 23 28 26 
24 13 18 19 3 5 12 7 2 26 14 6 15 10 16 11 27 25 8 23 22 9 4 17 21 20 1 
22 23 2 3 25 24 5 14 27 17 7 4 11 26 13 10 8 12 9 15 6 21 20 19 16 1 18 
28 28 28 21 28 28 28 28 28 28 6 3 25 28 14 12 13 28 28 27 24 5 28 28 26 28 9 
28 28 28 22 28 28 28 28 28 28 21 24 9 28 6 13 5 28 28 26 16 19 28 28 10 28 23 
28 28 28 20 28 28 28 28 28 28 23 19 21 28 9 4 12 28 28 10 14 13 28 28 24 28 5 
27 24 8 1 20 9 19 17 13 22 4 25 14 15 5 23 18 11 26 3 7 6 21 10 2 16 12 
26 6 19 27 1 7 4 15 21 11 2 22 3 16 12 20 14 8 10 25 5 23 18 9 13 24 17 
28 28 28 5 28 28 28 19 28 28 24 17 23 28 18 15 11 28 28 9 26 12 28 28 6 28 25 
28 28 28 23 28 28 15 28 28 28 13 9 10 28 4 21 26 28 28 5 8 27 28 28 14 28 19 
25 26 27 17 6 14 23 21 18 5 20 11 24 19 10 9 4 15 13 16 1 7 12 8 22 2 3 
28 28 28 9 13 28 28 28 28 28 19 23 8 28 22 1 3 28 28 12 17 10 6 28 27 28 24 
16 8 21 12 28 28 28 11 28 23 15 13 7 24 2 6 22 27 17 14 19 26 10 5 18 25 20 
15 22 11 2 19 27 20 23 7 13 12 5 1 21 17 14 16 6 3 24 25 18 9 26 4 10 8 
28 10 28 26 28 28 28 28 28 28 1 14 20 28 11 18 15 28 28 13 12 24 28 28 19 3 6 
9 28 28 14 22 28 24 16 28 28 18 21 17 28 27 26 10 28 28 4 11 1 25 28 3 28 2 

That took 63 seconds for a 27x27 and the matrix is Solved: false

#########################################

1 2 3 4 5 6 7 8 9 10 11 12 13 14 15 16 17 18 19 20 21 22 23 24 25 26 27 28 
16 28 26 12 27 25 24 23 22 21 20 19 18 17 13 6 5 3 10 2 11 9 8 15 14 1 4 7 
17 15 27 28 13 12 26 24 23 22 21 20 19 18 16 5 3 6 9 11 2 1 10 14 8 25 7 4 
8 14 4 26 28 27 2 25 24 23 22 21 20 19 17 18 6 1 15 13 12 11 9 16 3 7 5 10 
19 7 12 9 25 5 6 4 28 27 26 24 23 22 21 20 18 17 16 3 1 15 14 2 11 10 13 8 
20 18 11 10 6 24 9 5 3 2 28 1 26 25 23 22 21 19 17 16 15 4 27 7 13 8 12 14 
21 19 10 6 7 4 23 9 5 3 2 28 1 27 12 25 24 22 20 18 8 26 13 17 16 14 11 15 
25 21 15 14 10 11 8 22 7 9 5 4 28 3 27 2 23 20 18 26 24 6 1 19 17 12 16 13 
10 5 18 17 12 9 13 7 21 8 3 16 2 28 1 27 19 25 26 23 20 14 6 22 4 11 15 24 
26 23 5 15 8 13 21 16 14 20 9 11 6 4 28 3 2 7 22 24 17 18 19 1 12 27 10 25 
4 3 1 23 18 26 25 28 17 5 19 6 22 20 10 11 8 21 7 27 14 24 12 13 15 9 2 16 
7 27 16 13 26 19 22 15 25 4 17 18 11 6 8 9 20 10 3 5 23 12 24 28 1 2 14 21 
11 1 13 16 21 23 10 3 18 28 8 25 17 2 7 19 29 15 12 29 5 20 26 0 6 22 24 27 
3 10 24 25 4 15 27 14 2 19 6 9 5 16 18 7 1 13 8 12 22 21 20 11 23 28 26 17 
23 12 8 20 22 18 15 19 26 16 24 13 4 1 14 17 25 2 27 21 7 28 11 5 10 3 6 9 
2 8 21 18 17 29 19 29 29 26 7 23 16 13 6 15 29 14 5 29 28 25 22 29 29 24 9 11 
15 24 22 2 20 7 4 18 1 25 14 17 8 10 5 12 13 11 28 6 26 27 21 23 9 16 19 3 
28 29 6 29 29 29 5 29 29 24 15 29 27 11 4 8 29 12 23 29 3 2 17 29 29 29 25 22 
27 29 19 29 23 29 20 17 29 14 4 29 21 5 3 24 16 9 11 29 13 10 29 29 29 6 29 18 
24 22 17 11 2 16 12 6 13 15 25 27 14 8 9 23 26 28 1 10 19 7 4 3 21 18 20 5 
14 29 23 29 1 29 16 12 29 13 18 29 3 21 2 4 11 26 24 29 9 5 29 29 29 29 29 6 
6 29 9 29 29 29 11 29 29 12 13 29 15 24 26 28 29 27 21 29 4 8 29 29 29 29 29 23 
9 20 2 21 15 10 14 13 6 11 12 3 24 23 25 26 28 16 4 8 18 17 7 27 22 5 1 19 
18 13 14 19 9 8 17 11 16 7 27 5 12 15 24 1 22 4 25 28 10 3 2 6 26 23 21 20 
12 4 28 8 3 17 18 2 11 6 10 26 25 9 22 13 7 24 14 15 27 19 16 21 5 20 23 1 
22 11 7 3 24 2 1 21 19 18 23 15 10 12 20 14 27 8 6 25 16 13 5 9 28 4 17 26 
13 6 20 27 11 14 28 26 8 1 16 22 9 7 19 10 15 5 2 17 25 23 18 4 24 21 3 12 
5 9 25 29 19 29 3 29 29 17 1 29 7 26 11 21 29 23 13 29 6 16 28 29 29 15 29 2 

That took 18 seconds for a 28x28 and the matrix is Solved: false

#########################################

1 2 3 4 5 6 7 8 9 10 11 12 13 14 15 16 17 18 19 20 21 22 23 24 25 26 27 28 29 
19 29 28 27 26 25 24 5 23 9 4 17 3 18 2 22 21 20 1 16 7 15 10 14 13 12 11 8 6 
13 12 27 8 29 28 4 26 25 24 10 20 18 2 6 23 22 21 5 19 1 17 16 3 15 14 7 11 9 
21 15 10 26 9 3 29 11 28 27 25 2 19 17 5 24 23 22 20 4 14 8 18 16 1 6 13 12 7 
6 16 12 10 25 8 28 3 2 29 9 21 27 20 7 26 24 23 4 22 19 18 11 17 5 1 15 14 13 
22 19 13 11 12 24 9 29 27 6 5 28 8 21 18 3 2 26 10 7 25 23 20 4 17 16 1 15 14 
25 21 9 14 11 13 23 12 7 8 29 27 5 22 20 4 6 2 28 26 24 19 3 10 18 17 16 1 15 
12 7 15 13 14 11 10 22 6 28 27 5 25 4 9 21 3 1 23 24 29 2 26 20 19 18 17 16 8 
11 4 16 25 15 12 13 10 21 7 28 8 29 6 14 27 26 5 9 3 20 24 2 1 23 22 19 18 17 
8 25 6 23 17 18 2 19 24 20 26 14 16 15 13 12 10 4 7 1 11 28 21 9 22 27 5 29 3 
2 24 23 3 7 10 16 6 17 12 19 1 15 25 22 8 4 14 21 13 27 11 28 26 20 29 18 9 5 
20 13 26 2 21 23 1 25 14 4 8 18 9 24 17 29 15 19 6 10 12 3 5 27 11 7 28 22 16 
16 6 29 20 22 26 11 24 13 5 23 3 17 19 8 7 18 12 25 9 4 10 15 28 14 21 2 27 1 
18 11 5 9 19 2 21 1 29 3 22 10 6 16 23 17 27 15 26 8 28 13 14 12 7 25 20 4 24 
10 3 2 19 27 9 20 18 15 14 7 22 24 12 28 11 25 29 16 6 17 26 1 23 21 13 8 5 4 
28 5 21 7 30 30 22 4 20 19 17 30 30 27 3 15 30 30 18 14 30 12 30 8 30 30 30 30 25 
24 22 20 17 8 7 18 13 5 1 16 29 26 11 4 6 14 28 27 23 2 25 9 15 12 3 21 10 19 
4 23 14 18 2 17 8 9 10 26 15 25 1 29 19 5 7 13 24 28 16 6 27 22 3 20 12 21 11 
14 27 30 1 30 30 3 30 8 18 24 30 30 5 11 2 30 30 12 17 30 20 29 13 30 30 30 30 10 
7 17 22 29 30 30 19 2 12 23 6 30 30 3 21 18 30 30 15 11 30 5 30 25 30 8 30 30 28 
23 14 1 28 18 21 12 17 22 16 3 24 7 26 25 9 5 8 11 15 10 4 6 2 27 19 29 13 20 
26 18 8 6 3 20 17 16 4 13 2 19 21 7 1 14 12 11 29 25 15 9 22 5 28 10 23 24 27 
17 26 7 24 20 5 15 14 19 11 21 16 4 23 27 10 13 25 3 29 18 1 8 6 9 28 22 2 12 
29 8 30 22 30 14 27 0 3 15 20 30 30 13 16 28 30 30 17 5 30 21 30 7 30 30 30 30 18 
5 28 24 16 13 15 26 20 11 2 18 9 10 1 12 25 8 7 22 27 3 29 19 21 6 4 14 17 23 
15 9 18 12 4 19 25 23 1 22 14 13 28 10 24 20 29 3 2 21 8 27 17 11 16 5 6 7 26 
3 20 11 5 10 29 6 27 18 25 1 15 12 9 26 13 28 17 14 2 22 16 7 19 8 24 4 23 21 
27 10 30 21 30 30 5 30 26 17 13 30 30 28 29 1 30 30 8 12 30 14 30 18 30 30 30 3 22 
9 1 30 15 30 30 14 28 16 21 12 30 30 8 10 19 30 30 13 18 30 7 30 29 30 30 30 30 2 

That took 21 seconds for a 29x29 and the matrix is Solved: false

#########################################

