1 2 3 4 5 6 
4 6 2 5 3 1 
3 4 5 2 1 0 
6 5 4 3 1 2 
2 1 6 6 0 0 
5 3 1 1 1 0 
That took 0 seconds for a 6 x 6 matrix.

1 2 3 4 5 6 7 8 9 
7 9 8 5 4 3 6 2 1 
6 4 7 9 1 2 3 5 8 
8 5 9 6 3 4 2 1 7 
4 1 5 2 8 7 9 6 3 
3 8 4 7 2 5 1 9 6 
2 3 1 0 0 0 4 7 5 
9 6 2 8 7 1 5 3 4 
5 7 6 1 9 0 8 4 2 
That took 0 seconds for a 9 x 9 matrix.

1 2 3 4 5 6 7 8 9 10 11 
7 11 10 9 6 3 8 4 5 2 1 
8 7 9 2 4 1 11 10 3 5 6 
5 9 0 8 1 4 3 6 0 11 10 
2 4 6 10 7 5 1 11 8 9 3 
9 8 5 6 11 10 2 3 1 4 7 
11 3 0 5 9 0 6 0 0 1 8 
3 6 1 7 10 2 4 5 11 8 9 
6 1 8 3 2 11 10 9 4 7 5 
10 5 2 11 8 7 9 1 0 3 4 
4 10 0 1 3 0 5 7 0 6 2 
That took 0 seconds for a 11 x 11 matrix.

1 2 3 4 5 6 7 8 9 10 11 12 13 14 
9 14 12 8 13 11 10 4 3 5 7 6 2 1 
7 6 13 14 3 1 12 10 2 9 8 11 5 4 
11 10 2 12 4 14 8 6 5 13 3 1 7 9 
0 12 0 1 11 0 0 0 0 8 1 0 4 0 
12 7 1 9 6 10 11 14 13 3 4 2 8 5 
6 13 8 3 14 4 9 12 1 7 2 5 11 10 
3 9 5 2 12 0 1 7 14 11 6 8 10 13 
0 0 0 0 7 9 0 0 8 2 0 0 1 0 
0 1 0 1 10 0 0 0 0 6 1 0 12 0 
10 3 11 7 2 13 14 1 12 4 5 9 6 8 
0 0 6 0 9 0 0 0 0 1 0 4 14 0 
0 5 0 0 1 0 0 0 0 14 0 0 3 0 
4 1 0 1 8 7 0 0 0 12 1 0 9 2 
That took 0 seconds for a 14 x 14 matrix.

1 2 3 4 5 6 7 8 9 10 11 12 13 14 15 16 17 18 19 20 
12 20 18 7 19 17 16 15 14 13 9 5 3 6 2 11 10 1 4 8 
13 11 19 20 8 2 18 16 15 14 12 4 7 1 5 10 9 17 6 3 
8 10 4 18 20 19 2 17 16 15 13 14 1 11 9 12 3 7 5 6 
15 4 10 9 17 3 5 1 20 19 18 16 14 13 6 2 12 8 11 7 
18 12 9 5 2 16 6 7 1 11 20 3 15 17 19 4 14 10 8 13 
10 14 13 3 11 1 15 19 5 9 2 6 12 18 8 7 4 20 16 17 
19 8 20 17 4 5 13 14 6 7 15 2 16 12 3 1 18 11 10 9 
7 1 16 2 14 12 3 5 13 6 8 15 11 10 17 18 20 19 9 4 
3 19 5 6 13 18 20 10 4 12 14 1 2 9 11 8 7 15 17 16 
4 5 14 16 12 13 19 2 17 1 10 20 8 3 18 9 15 6 7 11 
6 7 17 19 16 15 14 18 12 5 4 11 20 2 13 3 8 9 1 10 
11 18 12 15 10 4 17 13 3 8 6 19 9 7 1 20 16 14 2 5 
9 16 15 12 3 20 11 6 2 4 17 7 18 8 10 14 1 5 13 19 
2 0 1 11 18 10 12 9 8 3 5 17 4 19 7 0 6 16 20 14 
16 3 8 14 9 7 10 20 11 17 1 18 19 5 4 6 2 13 12 15 
20 17 2 8 1 14 9 11 10 16 7 13 6 4 12 19 5 3 15 18 
17 0 7 1 6 11 8 3 19 2 16 10 5 20 14 0 11 4 0 12 
14 6 11 10 7 9 4 12 18 20 19 8 17 15 16 5 13 2 3 1 
5 0 6 13 15 0 1 4 7 18 3 9 10 16 0 0 0 12 14 2 
That took 0 seconds for a 20 x 20 matrix.

1 2 3 4 5 6 7 8 9 10 11 12 13 14 15 16 17 18 19 20 21 22 23 24 25 
17 25 24 23 22 21 5 20 10 4 14 3 2 19 18 1 16 8 15 9 13 12 11 7 6 
12 11 23 7 25 3 24 22 21 18 16 15 5 20 19 17 9 2 10 14 1 13 6 8 4 
16 13 7 22 6 25 23 5 24 3 2 17 9 21 20 19 18 12 14 11 15 4 1 10 8 
18 15 11 10 21 8 6 4 2 9 25 24 7 1 23 22 20 19 17 16 5 3 14 13 12 
21 18 9 13 4 20 25 11 8 7 17 2 16 5 1 24 19 23 22 3 14 10 12 6 15 
22 8 16 3 10 15 19 14 5 25 23 11 17 24 13 9 6 4 2 21 12 1 18 20 7 
25 24 1 0 3 1 22 18 11 13 0 1 8 7 0 5 12 17 20 0 23 0 0 0 14 
20 3 0 0 7 0 15 25 17 24 0 0 21 18 22 4 1 10 12 23 11 0 0 0 13 
5 14 1 0 13 1 9 12 22 16 0 1 6 11 0 18 3 7 24 0 10 0 0 0 20 
14 7 8 12 18 2 21 23 25 11 15 5 10 9 16 3 22 24 13 6 4 17 20 1 19 
4 22 19 20 17 10 8 13 3 23 1 14 18 15 2 25 24 16 6 12 9 21 7 11 5 
19 21 1 25 2 1 13 6 4 8 0 1 24 23 0 20 14 3 9 18 17 0 0 22 16 
24 10 12 5 9 7 4 3 19 14 6 23 20 13 17 21 25 22 11 1 16 2 8 15 18 
7 23 17 9 8 16 11 2 15 20 22 4 19 3 12 6 21 1 18 5 24 25 13 14 10 
13 1 0 0 23 0 3 10 7 21 0 0 4 12 0 11 5 20 16 0 18 0 0 0 17 
23 17 0 0 1 0 12 21 20 6 0 0 14 8 0 15 10 25 5 0 3 0 0 0 9 
3 12 0 0 20 0 10 19 13 5 0 0 1 6 0 14 2 9 7 0 8 0 0 0 21 
11 20 25 0 19 0 14 1 16 22 0 0 15 4 0 2 13 5 8 0 7 23 0 0 3 
15 4 6 1 14 13 16 24 18 12 20 19 3 2 8 10 11 21 23 7 25 9 17 5 22 
10 5 0 0 12 24 2 17 23 19 0 0 25 16 0 13 15 11 4 0 6 0 0 0 1 
6 19 4 11 16 22 1 9 12 17 13 18 23 10 14 8 7 15 21 2 20 5 3 25 24 
9 6 10 0 24 0 20 15 1 2 0 0 12 17 0 23 8 13 3 25 22 0 4 0 11 
0 9 0 0 15 0 18 16 6 1 0 0 11 22 0 7 4 14 25 0 2 24 0 3 23 
8 16 0 0 11 0 17 7 14 15 0 0 22 25 0 12 23 6 1 0 19 20 0 0 2 
That took 0 seconds for a 25 x 25 matrix.

1 2 3 4 5 6 7 8 9 10 11 12 13 14 15 16 17 18 19 20 21 22 23 24 25 26 27 28 29 30 
17 30 28 13 29 27 26 25 24 23 22 21 20 19 18 14 6 5 3 11 2 12 10 9 8 16 15 1 4 7 
18 16 29 30 14 13 28 26 25 24 23 22 21 20 19 17 5 3 6 10 12 2 1 11 9 15 8 27 7 4 
8 15 4 28 30 29 2 27 26 25 24 23 22 21 20 18 19 6 1 16 14 13 12 10 11 17 3 7 5 9 
20 9 12 7 27 5 6 4 30 29 28 26 25 24 23 22 21 19 18 17 3 1 16 15 14 2 11 10 13 8 
21 19 11 6 7 26 9 5 3 2 30 1 28 27 25 24 23 22 20 18 17 16 8 14 29 4 13 12 10 15 
22 20 14 12 11 7 25 9 5 4 2 30 1 29 3 27 26 24 23 21 19 18 17 28 10 8 16 6 15 13 
25 11 16 15 10 9 12 24 8 7 6 5 30 3 29 2 4 20 28 27 22 23 26 1 13 21 19 14 18 17 
9 26 18 17 12 14 10 11 23 8 5 4 3 30 6 29 24 28 7 19 27 25 2 16 15 22 1 13 21 20 
10 23 21 18 13 12 27 14 7 22 9 8 6 2 30 1 28 4 5 29 24 3 25 17 16 20 26 15 19 11 
12 10 1 25 1 1 0 0 1 1 21 0 14 11 8 30 9 16 0 23 1 0 0 0 1 7 0 0 0 0 
11 21 27 23 18 4 19 1 6 17 8 20 24 13 26 9 15 2 22 28 30 29 7 3 12 5 14 25 16 10 
4 7 0 10 0 0 0 0 0 0 25 0 19 1 11 8 12 21 0 13 0 0 0 0 0 29 0 0 0 0 
2 13 1 9 1 1 0 0 1 1 29 0 12 18 10 7 20 15 0 8 1 0 0 0 1 19 0 0 0 0 
28 18 30 5 2 8 1 23 22 21 20 15 10 9 17 19 7 12 4 6 16 24 3 27 26 13 29 11 14 25 
29 24 0 22 0 0 0 0 0 0 12 0 16 23 1 15 14 9 0 5 0 0 0 0 0 18 0 0 0 28 
24 5 1 21 1 1 0 0 1 1 19 0 9 17 7 6 16 13 0 14 1 0 0 0 1 10 0 0 0 0 
16 1 0 20 0 0 0 0 0 0 17 0 18 7 9 5 3 14 0 26 0 0 0 0 0 25 0 0 0 0 
23 8 22 29 20 21 18 10 15 30 27 16 11 5 28 4 2 26 13 9 25 14 19 12 17 3 7 24 6 1 
0 25 1 11 1 1 0 0 1 1 15 0 7 8 5 3 13 27 0 12 1 0 0 0 1 24 0 0 0 0 
19 28 2 3 26 24 16 17 12 14 18 13 15 25 22 10 30 7 9 4 11 21 29 5 20 23 6 8 1 27 
15 22 0 27 0 0 0 0 13 0 16 0 2 4 21 28 1 8 0 3 0 10 0 0 0 14 0 0 0 0 
13 3 8 19 16 15 14 12 11 6 4 10 29 28 27 26 22 25 30 2 7 17 9 23 21 1 24 18 20 5 
3 17 15 24 19 20 11 13 14 12 10 7 23 26 16 25 27 30 29 1 18 6 5 8 2 9 4 22 28 21 
27 4 1 2 1 10 0 0 1 1 14 0 8 6 13 23 29 11 0 22 1 0 0 0 7 30 0 0 0 0 
14 12 0 26 9 0 0 0 0 0 3 0 5 22 4 21 11 1 0 25 0 0 0 0 0 6 0 0 0 0 
26 29 1 8 1 1 0 0 1 1 7 0 27 12 14 20 10 23 0 24 1 30 0 0 1 28 5 0 0 0 
6 27 7 1 0 0 0 0 0 0 26 0 17 10 24 13 8 29 0 30 0 0 0 0 0 12 0 4 0 0 
30 6 1 14 1 1 0 0 1 1 13 0 4 16 2 12 25 10 0 15 1 0 0 0 1 11 0 0 3 0 
5 14 0 16 0 0 0 0 0 0 1 0 26 15 12 11 18 17 0 7 0 0 0 0 0 27 0 0 0 2 
That took 0 seconds for a 30 x 30 matrix.

